2099
2100
8648
8202
2353
3725
6667
595
4609
5241
7471
54361
8600
2064
2246
2247
2248
2249
8822
2251
2252
2253
2254
2255
8823
2250
8817
26281
27006
9965
26291
8074
2260
3479
3480
1950
1956
3815
6464
25759
53358
399694
2885
6654
6655
3265
3845
4893
369
673
5894
5604
5605
5594
5595
5290
5293
5291
5295
5296
8503
5728
207
208
10000
2475
6198
6199
182
3714
10683
28514
54567
4851
4853
4854
4855
3280
388585
26508
23462
23493
2324
1026
4791
7472
7482
7473
89780
7474
81029
7475
7476
7477
7478
7479
7483
7484
7480
80326
7481
51384
8321
8324
2535
7976
8322
7855
8325
8323
11211
8326
4041
4040
1857
1856
1855
10023
23401
2932
8312
8313
324
10297
1499
122011
1452
6932
83439
6934
51176
7157
1647
4616
10912
581
578
1643
51426
1019
1021
5925
1869
1870
1871
672
675
64840
9350
147111
11197
50964
22943
27123
27121
5176
6422
6423
2487
6424
6425
284654
340419
84870
343637
55366
8549
59352
54894
84133
25805
147495
164284
1454
102800317
440193
1457
1459
283106
1460
85407
85409
80319
59343
84445
56998
25776
57680
4163
57805
23411
64321
1487
1488
102723796
7088
7089
7090
7091
79816
1501
1387
2033
8607
4089
4088
6885
51701
8061
894
896
8840
5467
4316
5663
5566
5567
5568
6477
27101
6500
6907
90665
79718
8945
23291
8454
9978
2239
4919
4920
6259
57216
81839
144165
166336
29964
4007
27130
23002
23500
387
9475
5879
5880
5881
5599
5602
5601
23236
5330
5331
5332
815
817
816
818
5530
5532
5533
5534
5535
5578
5579
5582
4772
4773
4775
4776
8646
9241
4681
100532736
26585
64388
7057
1634
2331
10637
7044
10468
650
652
654
3625
7018
653
655
656
353500
8200
392255
151449
268
3458
7124
79875
2200
4052
7040
7042
7043
3624
3626
83729
4838
657
658
90
659
92
148738
4756
3077
7036
7037
56963
285704
269
7046
7048
2014
2615
375387
91
93
130399
3547
4086
4090
4093
4087
4091
4092
57154
64750
9372
9765
6093
5519
5518
5515
5516
57817
3397
3398
3399
3400
5933
1874
1875
7027
6498
6497
25942
3065
3066
9611
7050
60436
1030
5308
