1630
836
842
26060
999
1499
29119
1495
1496
8312
8313
324
10297
2932
6932
83439
6934
51176
332
4609
595
7471
7472
7482
7473
89780
54361
7474
81029
7475
7476
7477
7478
7479
7483
7484
7480
80326
7481
51384
8321
8324
2535
7976
8322
7855
8325
8323
11211
8326
4041
4040
1857
1856
1855
10023
23401
2147
183
2149
9002
1902
9170
23566
2846
57121
10161
185
2768
10672
23365
9826
9138
57449
387
6093
9475
6387
7852
2770
2773
2771
5731
5732
5733
5734
2778
107
108
109
196883
111
112
113
114
115
5566
5567
5568
2782
2783
2784
59345
10681
54331
2785
2786
2787
2788
94235
2790
2791
55970
51764
2792
2793
1284
1286
1288
1282
1287
1285
284217
3908
3909
3911
3910
3912
3913
3914
22798
3915
3918
10319
2335
3673
3674
3675
3655
3685
3688
5747
5290
5293
5291
5295
5296
8503
5728
4824
207
208
10000
1147
3551
8517
4792
4790
4791
5970
5743
4843
596
329
330
331
79444
598
7185
7186
7187
9618
7188
7189
2475
6198
6199
572
2308
4193
7157
1027
1026
613
25
1398
1399
867
6776
6777
5292
11040
3827
1906
623
624
1909
1910
2776
2767
23236
5330
5331
5332
5578
5579
5582
3558
3562
3565
3567
3569
3574
3592
3593
3596
3600
51561
2056
3439
3440
3441
3442
3443
3444
3445
3446
3447
3448
3449
3451
3452
3458
3559
3560
3561
3563
3566
1439
3568
3570
3572
3575
3594
3595
3597
3601
149233
2057
3454
3455
3459
3460
27436
238
10125
10235
25780
115727
3716
3717
3718
6774
6772
6773
6775
6778
7422
7423
5228
7424
2277
7039
1950
1956
2064
5154
5155
5156
5159
3479
3481
3480
4254
3815
2323
2322
3082
4233
2246
2247
2248
2249
8822
2251
2252
2253
2254
2255
8823
2250
8817
26281
27006
9965
26291
8074
2260
2263
2261
2264
2885
6654
6655
3265
3845
4893
369
673
5894
5604
5605
5594
5595
3725
2353
2113
4312
4313
4318
3576
1019
9252
5979
8030
8031
4914
7170
7175
10342
11186
83593
6789
1612
1613
23604
5335
5336
2002
810
805
808
801
163688
51806
91860
815
817
816
818
5900
5898
5899
10928
998
5879
5880
5881
5337
5338
5599
5602
5601
7849
5468
6256
6257
6258
5915
2099
2100
8648
8202
6667
5467
3728
7704
5914
890
8900
5371
861
862
6688
1050
1438
1441
1436
1029
1869
1870
1871
4149
7709
1030
1021
894
896
1163
1164
6500
8454
9978
6502
1017
898
9134
5925
1647
4616
10912
581
578
1643
51426
7015
7012
4286
7040
7042
7043
7046
7048
4087
4088
4089
2122
1487
1488
3065
3066
4292
4436
4437
2956
675
5888
356
355
8772
841
637
5366
27113
10018
54205
317
840
9817
4780
3162
1728
221357
2939
2941
119391
2948
2953
2952
2947
4257
4259
2944
2949
4258
2938
2946
2940
9446
653689
2950
7296
114112
10587
7428
6921
6923
8453
54583
112399
112398
2271
3091
2034
405
9915
1387
2033
6513
182
3714
10683
28514
54567
4851
4853
4854
4855
3280
388585
26508
23462
23493
2324
6469
5727
6608
374654
51684
2735
2736
2737
650
652
64399
8643
367
3320
3326
7184
354
4353
1437
25942
9611
8864
929
3684
2209
1053
597
1848
6929
5087
2120
51513
1667
1668
1669
1670
1671
728358
1991
3002
4297
4299
1025
904
905
4298
4300
84444
4005
5090
860
4086
51274
4208
3205
3206
221037
8091
7403
8464
8842
55589
5218
4211
3207
6495
51804
2138
1031
3248
2892
2530
30012
3195
64919
8861
4066
3087
171558
5966
942
958
604
102723407
4094
3695
7468
440093
3021
8351
8352
8350
3020
8290
126961
333932
653604
8353
8354
8355
8356
8357
8358
8968
5079
5546
7030
7113
2078
5328
5327
4314
6935
7850
6692
2115
2118
2119
85414
2005
1655
4613
648
100532731
4804
4221
2130
2313
3398
3486
54738
466
472
7490
8938
7102
4291
8013
8148
2521
1649
1051
64332
5081
5077
2321
26039
6760
6756
6757
727837
26471
79058
406952
406953
406979
406981
406980
406982
407048
407049
407006
407007
406991
7078
406881
406882
406883
406884
406886
406887
406888
406889
406890
406891
406885
993
994
995
406901
406948
406949
406950
406951
406913
406904
406905
9759
10014
27086
407021
407024
407025
407026
1788
1789
406922
406923
442890
4170
599
406937
406985
406933
406959
7430
406910
406911
406912
27250
406935
406967
406969
406970
406997
407020
407034
407033
407029
407030
407031
407032
7168
10253
5268
406947
406986
100616173
406988
407018
407019
6768
1545
407035
407055
406892
57521
1591
2065
8626
9839
6624
494324
693187
406903
3236
54541
90427
407009
10298
574031
574452
693200
693210
407014
407040
407053
406902
407010
407011
100500809
406906
6541
900
406942
407008
3925
442909
494335
406978
442898
619552
407015
407016
407017
406943
1786
442891
406926
406925
3667
5598
406983
406984
3190
8434
406907
406909
406908
406928
406915
406916
407043
407044
407045
8660
442900
406938
4325
406954
406995
406955
406956
406957
574457
8651
442918
574467
574484
574493
574473
574461
960
406895
100302282
406896
100302238
23405
3678
5962
574455
23414
3690
7329
442904
6659
3371
63923
7143
7148
406989
574411
5243
442910
4363
406996
672
406900
406992
1942
1943
1944
1945
1946
7057
10642
131405
407041
407042
407046
407047
407051
406976
406977
4194
406893
406894
406971
6464
406917
406918
399694
407036
4082
659
554213
2146
27165
2744
23411
442902
442903
113130
9493
574476
5581
7431
6714
2017
3059
10451
7409
7410
6237
22800
22808
8826
71
60
2316
2318
2317
5058
7074
286
287
288
2549
6548
5499
5500
5501
4659
4660
54776
51196
3708
3709
3710
79923
388112
29102
7291
117581
1634
5170
1975
6194
857
858
859
967
7097
7099
7124
2066
7023
3791
4060
10855
60495
6382
5329
1277
1278
7448
3693
6383
4478
6385
10818
5781
84309
5829
1839
2817
2719
3549
3339
1514
5600
6300
5603
1432
3316
5777
10
9
1544
6799
6817
6818
445329
124907837
1543
1558
1559
1562
1557
1576
2052
373156
27306
6822
1577
1551
100861540
64816
1548
1549
1553
1646
3290
374875
873
10941
79799
7367
10720
54490
54578
54657
54658
54659
7365
54600
7364
54575
54576
54579
7366
54577
7363
574537
1571
1139
408
409
990
9641
1137
1141
1136
1143
775
776
778
779
774
773
153
154
155
1385
1386
468
10488
90993
64764
84699
148327
9586
1388
55584
6197
6195
6196
27330
7421
1978
164091
85315
54852
5241
8600
688
9314
10728
23746
9049
196
3836
3838
402569
3839
3840
23633
3841
3837
2053
79852
253152
1555
9970
5465
57412
4535
4536
4537
4538
4539
4540
4541
4723
4729
4731
4694
4695
4696
4697
56901
4698
4700
4701
4702
4704
4705
4706
126328
55967
51079
4707
4708
4709
4710
4711
4712
4713
4714
4715
4716
54539
4719
4720
4722
4724
4725
4726
374291
4728
4717
4718
100532726
6389
6390
6391
6392
7386
4519
1537
7384
7385
7388
440567
7381
27089
29796
10975
4514
4512
4513
84701
1327
9377
1329
1337
1339
1340
125965
1345
1346
1347
9167
1349
170712
1350
341947
1351
498
506
509
513
514
4508
515
516
517
518
10476
539
522
4509
6648
7416
7417
7419
291
292
293
83447
10105
6647
847
10861
1836
65010
115019
1572
10327
1645
8644
1109
4025
50507
1535
27035
653361
4688
4217
6416
5609
2309
5770
5580
5795
52
27
5587
23683
25865
9020
1642
7534
7529
10971
7531
7533
7532
3249
1959
1960
4055
6672
1654
5610
8341
8345
8342
158983
255626
440689
8348
3018
8339
8340
8347
3017
8344
8346
8349
8970
85236
128312
8343
286436
102724334
114483833
54145
121504
554313
8294
8360
8361
8362
8363
8364
8365
8366
8367
8368
8370
8359
8369
8717
983
387332
9519
6908
7874
11317
3516
22938
2965
2966
730394
728340
2967
2968
2960
2961
27044
2959
28973
4067
6850
9114
245972
7337
1739
23513
3661
5700
5933
5934
23352
1108
8841
10013
51564
55869
9734
83933
79885
5315
10379
9093
8850
2648
11036
2957
2958
6722
5922
2934
85477
87
81
1111
991
8379
55697
5902
5423
3665
1234
1237
1232
1233
9261
718
3105
3106
3107
3134
3135
3133
6514
2645
5161
5160
5162
5163
9997
6510
23410
9123
51548
4916
2539
3101
3098
3099
80201
5213
5214
5211
5223
5224
441531
160287
92483
3939
3945
3948
3417
3418
57103
8140
56034
80310
123745
5321
8681
100137049
8605
283748
255189
7248
7249
6009
23396
8394
8395
7454
8936
10163
10810
60482
23446
80736
204962
57153
126969
6580
6582
6581
6584
6583
1119
1120
9468
5130
56994
8611
8613
8612
8525
8527
9162
1606
8526
1607
160851
1608
1609
139189
10434
56261
4793
4794
54106
114609
4615
4772
4773
4775
148022
353376
29126
5133
55509
10538
116071
1457
1459
283106
1460
920
3932
916
917
919
915
7535
4215
5606
5608
27040
5530
5532
5533
5534
5535
940
5588
